x = [-20 -12 -4 4 12 20 28 36 44 52 60];
y = [246 311 377 442 508 573 639 704 770 836 901];