x = [-55, -50, -45, -40, -35, -30, -25, -20, -15, -10, -5, 0, 5, 10, 15, 20, 25, 30, 35, 40, 50, 55, 60, 65, 70, 75, 80, 85, 90, 95, 100, 110, 115, 120, 125, 130, 135, 140, 145, 150, 155, 160, 165, 170, 175, 180, 185, 190, 195, 200, 205, 210, 215, 220, 225, 230, 235, 240, 245, 250, 255, 260, 265, 270, 275, 280, 285, 290, 295, 300];

y = [4.94, 4.92, 4.89, 4.86, 4.81, 4.75, 4.69, 4.56, 4.43, 4.27, 4.08, 3.86, 3.61, 3.34, 3.06, 2.77, 2.48, 2.20, 1.94, 1.70, 1.29, 1.11, 0.96, 0.88, 0.82, 0.76, 0.62, 0.46, 0.40, 0.35, 0.30, 0.23, 0.20, 0.18, 0.16, 0.14, 0.12, 0.11, 0.10, 0.09, 0.08, 0.07, 0.07, 0.06, 0.05, 0.047, 0.042, 0.039, 0.035, 0.033, 0.029, 0.026, 0.025, 0.023, 0.020, 0.019, 0.018, 0.017, 0.015, 0.014, 0.013, 0.012, 0.012, 0.010, 0.09, 0.09, 0.008, 0.007, 0.004, 0.002];

x_linear = [-20, -15, -10, -5, 0, 5, 10, 15, 20, 25, 30, 35, 40, 50, 55];
y_linear = [4.56, 4.43, 4.27, 4.08, 3.86, 3.61, 3.34, 3.06, 2.77, 2.48, 2.20, 1.94, 1.70, 1.29, 1.11];



temp = [-9, -6, -3, 0, 3, 6, 9, 12, 15, 18, 21, 24, 27, 30, 33, 36, 39, 42, 45, 48];

voltage = [5.03, 4.91, 4.78, 4.63, 4.46, 4.28, 4.09, 3.88, 3.66, 3.43, 3.19, 2.94, 2.70, 2.45, 2.20, 1.96, 1.73, 1.50, 1.28, 1.07, 0.88, 0.69, 0.52, 0.36, 0.21, 0.08, 0.03, 0.00];

adc_out = [ 3789, 3654, 3507, 3348, 3177, 2997, 2808, 2612, 2412, 2209, 2006, 1805, 1607, 1414, 1228, 1049, 880, 719, 568, 427];



